urdf_path: OpenLoong/azureloong_description/urdf/AzureLoong_sr.urdf
wo_controller: false
robot_name: OpenLoong
base_pose:
  position: [0, 0, 0.9]
  orientation: [0, 0, 0.707, 0.707]
fixed_link: "Link_waist_yaw"
robot_scale: 1.0
dorsal_move_scale: 0.1
base_move_scale: [0.1, 0.1]
head: 
 joint_index: [-1, 3, 2]
 rest_j_pos: [-1, 0, 0]
arms:
- joint_index: [4, 5, 6, 7, 8, 9, 10]
  ee_index: 12
  # rest_j_pos: [-2.342, 1.138, 1.187, 0.828, -1.124, 0, 0]
  rest_j_pos: [0.1956304907798767, -0.968996524810791, -2.003570795059204, 1.6953843832015991, 0.6260079741477966, -0.044389571994543076, -0.4265904724597931]
- joint_index: [41, 42, 43, 44, 45, 46, 47]
  ee_index: 49
  # rest_j_pos: [2.342, -1.138, -1.187, 0.828, 1.124, 0, 0]
  rest_j_pos: [-0.1956304907798767, -0.9689006209373474, 2.003570795059204, 1.6953364610671997, -0.6255286335945129, -0.045875612646341324, 0.4266384243965149]
grippers:
- joint_index: [36, 37, 38, 15, 16, 17, 20, 21, 22, 25, 26, 27, 31, 32, 33]
  thumb: [36, 37, 38]
  index: [15, 16, 17]
  middle: [20, 21, 22]
  ring: [25, 26, 27]
  pinky: [31, 32, 33]
- joint_index: [74, 75, 76, 53, 54, 55, 58, 59, 60, 63, 64, 65, 69, 70, 71]
  thumb: [74, 75, 76]
  index: [53, 54, 55]
  middle: [58, 59, 60]
  ring: [63, 64, 65]
  pinky: [69, 70, 71]
waist:
  joint_index: [79, 80, 81]
  rest_j_pos: [0, 0, 0]
controller_indices:
  cmd_ee: [10, 47]
  base: [1, 1]
vibration_thresholds:
  ee_dist: [0.15, 0.2]
  tabletop_height: 0.85
  collision: true
non_fixed_joint_ids: [4, 5, 6, 7, 8, 9, 10, 36, 37, 38, 15, 16, 17, 20, 21, 22, 25, 26, 27, 31, 32, 33,
  41, 42, 43, 44, 45, 46, 47, 74, 75, 76, 53, 54, 55, 58, 59, 60, 63, 64, 65, 69, 70, 71, 2, 3]